0.100
0.720
1.340
1.950
2.580
3.190
3.810
4.430
5.050
5.670
6.290
6.900
7.520
8.140
8.760
9.380
10.000
10.620
11.230
11.850
12.470
13.090
13.710
14.330
14.950
15.570
16.180
16.810
17.420
18.040
18.650
19.270
19.890
20.510
21.130
21.750
22.370
22.990
23.610
24.220
24.840
25.460
26.080
26.700
27.320
27.930
28.560
29.170
29.790
30.410
31.030
31.640
32.260
32.880
33.500
34.120
34.740
35.360
35.980
36.600
37.210
37.830
38.450
39.070
39.690
40.310
40.930
41.540
42.160
42.780
43.400
44.020
44.640
45.260
45.870
46.490
47.110
47.730
48.350
48.970
49.590
50.200
50.820
51.440
52.060
52.680
53.290
53.910
54.530
55.150
55.770
56.390
